255 0 0 1
0 255 0 2
0 0 255 3
128 64 0 1
0 128 64 2
64 0 128 3
10 20 30 3
20 30 10 2
30 20 10 1
50 25 0 1
25 50 0 2 
0 25 50 3
80 40 90 3
90 40 80 1
80 90 10 2
70 89 10 2
60 90 100 3
100 8 0 1
56 57 58 3
57 58 56 2
58 57 56 1
0 0 0 1
255 255 255 1
128 128 128 1
99 98 97 1
98 99 97 2
97 98 99 3
39 59 79 3
79 39 59 1
59 79 39 2
59 59 79 3
79 59 59 1
59 79 59 2
12 46 23 2
56 89 120 3
49 3 18 1
67 53 98 3
54 78 35 2
87 45 6 1
98 35 65 1
126 53 243 3
76 45 199 3
54 132 12 2
230 67 98 1
98 239 65 2
127 199 99 2
76 98 167 3
200 236 227 2
98 56 187 3
255 254 253 1
